    1    1    1    0    1    1    1    1    1    1    1    0    0    .000    .00
    0    1    1    0    0    0      .000      .000      .000      .000      .000
   -99.000   -99.000   -99.000       -99
   -99.000   -99.000   -99.000
   33TROPICAL MODEL      
      .000      .000      .000      .000      .000      .000    0
  -99  -99  -99  -99
   -99.000   -99.000   -99.000   -99.000   -99.000   -99.000   -99.000   -99.000
  8330.000**********332500.000
    0
  FREQ   TRANS     ATMOS   PATH     SINGLE   GROUND DIRECT   TOTAL RAD
  8330.  1.0000 0.00E+00                                                                        0.000E+00
340830.  1.0000 0.00E+00                                                                        0.000E+00
 -9999.
